1 6 1 6 11 16 
1 6 3 6 11 16 
1 6 3 8 11 16 
1 6 3 8 12 16 
1 6 3 8 11 16 
1 6 3 7 12 16 
1 6 3 7 11 16 
1 6 2 7 12 16 
1 6 2 7 11 16 
1 6 2 6 11 16 
1 6 9 6 11 16 
1 6 9 14 11 16 
1 6 9 14 13 16 
1 6 9 14 15 16 
1 6 9 14 15 16 
1 6 9 13 16 
1 6 9 13 11 16 
1 6 9 13 15 16 
1 6 9 10 13 16 
1 6 9 10 15 16 
1 6 9 11 16 
1 6 11 6 11 16 
1 6 11 8 11 16 
1 6 11 8 12 16 
1 6 11 8 11 16 
1 6 11 7 12 16 
1 6 11 7 11 16 
1 6 11 14 11 16 
1 6 11 14 13 16 
1 6 11 14 15 16 
1 6 11 16 
1 6 11 15 12 16 
1 6 11 15 11 16 
1 6 11 15 16 
1 6 11 12 16 
1 6 10 7 12 16 
1 6 10 7 11 16 
1 6 10 6 11 16 
1 6 10 13 16 
1 6 10 15 12 16 
1 6 10 15 11 16 
1 6 10 15 16 
1 6 10 14 11 16 
1 6 10 11 16 
1 6 5 10 13 16 
1 6 7 12 16 
1 6 7 11 16 
1 5 2 7 12 16 
1 5 2 7 11 16 
1 5 2 6 11 16 
1 5 1 6 11 16 
1 5 10 7 12 16 
1 5 10 7 11 16 
1 5 10 6 11 16 
1 5 10 13 16 
1 5 10 13 11 16 
1 5 10 13 15 16 
1 5 10 15 12 16 
1 5 10 15 11 16 
1 5 10 15 16 
1 5 10 14 11 16 
1 5 10 14 13 16 
1 5 10 11 16 
1 5 9 6 11 16 
1 5 9 14 11 16 
1 5 9 14 13 16 
1 5 9 14 15 16 
1 5 9 14 15 16 
1 5 9 13 16 
1 5 9 13 11 16 
1 5 9 10 13 16 
1 5 9 11 16 
1 5 6 9 13 16 
1 5 6 11 16 
1 2 5 10 13 16 
1 2 5 10 15 16 
1 2 5 10 11 16 
1 2 5 9 13 16 
1 2 5 9 11 16 
1 2 5 6 11 16 
1 2 7 10 13 16 
1 2 7 10 15 16 
1 2 7 12 15 16 
1 2 7 12 16 
1 2 7 12 11 16 
1 2 7 11 16 
1 2 6 9 13 16 
1 2 6 11 16 
1 2 1 6 11 16 
1 2 3 6 11 16 
1 2 3 8 11 16 
1 2 3 8 12 16 
4 7 2 5 10 13 
4 7 2 5 9 13 
4 7 2 7 10 13 
4 7 2 6 9 13 
4 7 2 6 10 13 
4 7 4 7 10 13 
4 7 3 6 9 13 
4 7 3 6 10 13 
4 7 3 7 10 13 
4 7 10 5 10 13 
4 7 10 5 9 13 
4 7 10 7 10 13 
4 7 10 6 9 13 
4 7 10 6 10 13 
4 7 10 13 
4 7 10 15 10 13 
4 7 10 15 14 13 
4 7 10 14 9 13 
4 7 10 14 10 13 
4 7 10 14 13 
4 7 10 9 14 13 
4 7 10 9 13 
4 7 12 7 10 13 
4 7 12 15 10 13 
4 7 12 15 14 13 
4 7 12 16 14 13 
4 7 12 11 14 13 
4 7 12 15 10 13 
4 7 12 10 13 
4 7 11 6 9 13 
4 7 11 6 10 13 
4 7 11 7 10 13 
4 7 11 14 9 13 
4 7 11 14 10 13 
4 7 11 14 13 
4 7 11 15 10 13 
4 7 11 10 13 
4 7 6 9 14 13 
4 7 6 9 13 
4 7 6 10 13 
4 8 3 6 9 13 
4 8 3 6 10 13 
4 8 3 7 10 13 
4 8 4 7 10 13 
4 8 11 6 9 13 
4 8 11 6 10 13 
4 8 11 7 10 13 
4 8 11 14 9 13 
4 8 11 14 10 13 
4 8 11 14 13 
4 8 11 16 14 13 
4 8 11 15 10 13 
4 8 11 15 14 13 
4 8 11 10 13 
4 8 12 7 10 13 
4 8 12 15 10 13 
4 8 12 15 14 13 
4 8 12 16 14 13 
4 8 12 11 14 13 
4 8 12 15 10 13 
4 8 12 10 13 
4 8 7 10 13 
4 8 11 6 9 13 
4 8 11 6 10 13 
4 8 11 7 10 13 
4 8 11 14 9 13 
4 8 11 14 10 13 
4 8 11 14 13 
4 8 11 15 10 13 
4 8 11 10 13 
4 8 6 9 13 
4 8 6 10 13 
4 3 6 9 14 13 
4 3 6 9 13 
4 3 6 9 10 13 
4 3 6 11 14 13 
4 3 6 10 13 
4 3 6 5 10 13 
4 3 6 5 9 13 
4 3 8 11 14 13 
4 3 8 11 10 13 
4 3 8 7 10 13 
4 3 8 11 14 13 
4 3 7 10 13 
4 3 2 5 10 13 
4 3 2 5 9 13 
4 3 2 7 10 13 
4 3 2 6 9 13 
4 3 4 7 10 13 
4 2 5 10 13 
4 2 5 10 14 13 
4 2 5 10 9 13 
4 2 5 9 14 13 
4 2 5 9 13 
4 2 5 9 10 13 
4 2 5 6 9 13 
4 2 7 10 13 
4 2 6 9 14 13 
4 2 6 9 13 
4 2 6 10 13 
4 2 1 6 9 13 
4 2 1 6 10 13 
4 2 1 5 10 13 
4 2 1 5 9 13 
4 2 3 6 9 13 
4 4 7 10 13 
4 4 8 11 14 13 
4 4 3 6 9 13 
4 4 3 6 10 13 
4 4 3 7 10 13 
4 4 2 5 10 13 
4 4 2 5 9 13 
4 4 2 7 10 13 
4 4 4 7 10 13 
